image: localization_test.pgm
resolution: 0.050000
origin: [-2.472202, -4.091067, 0.000000]
negate: 0
occupied_thresh: 0.65
free_thresh: 0.196

